2
3
4
5
6
57351
57353
13
40978
19
20
8212
22
8210
40979
16407
65562
31
32
33
34
35
8229
8231
40
57387
57389
16431
48
16433
50
81970
52
53
8246
57395
8252
8253
62
63
64
65
66
65598
68
8258
8260
8262
8263
8256
8269
85
16475
16478
16479
8289
98
99
100
16483
102
16484
57448
57449
108
109
110
24685
112
49265
116
16501
118
24695
8316
8318
41087
32897
133
134
8326
8329
138
139
16523
8335
147
155
8349
8351
16554
16560
65717
190
192
193
194
65728
65731
16578
199
49352
8395
204
205
206
207
73931
73937
8397
8396
227
228
230
16620
24813
8435
8436
245
8437
8447
16644
41226
49425
1442069
280
287
288
289
290
65827
291
65829
41249
8487
8488
106791
98608
74036
16700
326
327
328
57674
41297
342
8534
8535
8536
8537
74073
8540
349
350
351
352
57700
16743
1016168
368
16757
16759
378
380
381
382
383
386
387
388
389
24965
24967
400
57748
57755
8606
418
41381
33196
8629
8634
448
454
16841
205258
41419
8654
8655
16846
16850
33235
16851
16856
16857
16858
16859
477
478
16861
16866
57829
82406
33259
33260
8687
25072
500
502
8695
504
16896
16897
514
515
516
517
518
519
520
521
522
526
529
531
532
8724
534
8725
8727
537
540
16927
74276
16935
16936
16937
25129
229932
164397
1319469
16940
25136
569
8255
8767
49735
585
586
587
588
589
590
591
8784
8785
25173
17005
643
650
652
653
655
656
148112
658
8851
58001
8853
8854
8857
49824
58019
33448
8872
8874
689
8891
8892
8893
8894
82622
1704640
17087
707
82630
33487
33488
33489
722
723
724
725
41686
58068
25306
8924
8925
25308
738
739
740
741
8930
747
8944
8945
8949
17141
33533
8963
58119
776
777
778
780
781
783
8975
785
8977
8984
8985
8986
8987
58136
17187
58150
58151
49961
189230
819
820
821
9012
9013
9015
825
826
827
49971
9029
9030
74568
17225
58184
9045
854
855
856
9046
58198
41820
862
131934
9066
17258
9068
879
880
9072
882
883
884
33654
886
887
33656
17276
17286
17288
66442
33676
920
58264
923
25503
25504
934
935
936
937
938
9126
50096
9137
9138
50098
17328
66496
17346
25540
25541
58312
973
976
9188
1003
1004
17396
9205
9206
9207
9208
66554
1019
17402
17403
1238012
1041410
9221
1037
1038
1039
99351
1205278
25635
1062
1063
1064
1065
1066
9257
50217
58414
25654
9278
9287
9289
17483
1100
1101
17485
17487
9296
17490
17494
17495
1117
1118
9309
1121
1125
25703
1137
17522
1146
33923
1158
1160
1161
1162
1164
1166
42133
115874
50347
42157
42160
1204
1205
1206
1208
1209
1210
1211
1212
83128
83129
83130
1219
17604
17605
58563
74954
1229
1230
1231
1232
1233
74957
1236
1241
1243
1244
1245
1246
42206
1248
1249
50398
9452
17648
66804
1269
1271
1276
1283
1284
1292
58646
91415
58650
1327
1328
1279279
1331
1333
1336
1337
1338
935235
58691
1350
1352
58710
9560
1369
9562
1213786
1370
1372
17752
42335
17753
17764
58724
9575
58727
91495
17770
17772
17782
9594
9599
91520
9601
1428
9625
9626
26009
9640
17832
9642
58804
1461
1466
26042
1473
17859
83414
17882
83436
1518
58866
1524
1532
1533
1534
1535
17917
17918
17920
1689089
83456
1547
17941
1581
1582
9777
9778
9779
9780
9781
116277
9788
42566
58955
9805
91725
1619
1620
9824
9825
26209
1639
1640
18023
1643
1646
140914
50807
9857
1666
59017
42641
18070
18071
9880
9888
18082
26291
34485
26293
50877
1733
1735
1736
1737
100047
1743
42707
1748
1749
1750
1751
1752
1754
1756
1757
42722
1771
18156
83699
9976
9978
9979
1793
1796
18181
9994
9995
18190
18191
59153
1810
1811
59154
1813
1818
10017
10019
10020
34597
10022
10023
1844
34612
50997
59192
18248
18249
18259
18261
18262
59222
26457
1884
18269
10080
26467
1892
1893
18277
1896
1897
1898
26472
18284
18285
1902
1903
18288
1905
26473
1907
18291
26483
1910
26485
18298
59258
1920
1922
34691
1924
1925
1926
18315
1932
1933
1934
1935
1936
1937
10127
18316
10132
18324
10134
18325
18328
26513
34715
18331
1951
1953
1954
1957
18345
10158
34735
10160
18352
10168
1979
1980
1981
1982
18364
1989
10182
34759
65528
10205
10206
2021
2022
10222
10223
42993
2037
2038
2039
2040
2047
2048
2053
2055
2059
51214
2076
18461
18472
2090
2091
2094
10297
2106
59449
2109
2115
2130
18514
34901
2133
2138
92255
2144
125025
2154
2155
2157
43120
2165
43125
2167
10360
2169
10361
2171
84093
67711
2176
2177
2178
2179
2192
10386
157847
2201
2206
2207
2208
10399
10400
10401
10402
51359
34982
92326
10409
10410
2219
2222
2224
2227
2228
2229
2230
2231
2232
2233
10427
67773
10430
10431
10437
67787
10447
157904
26847
18658
2282
2283
10475
10477
10478
2295
2296
10487
2299
18686
18687
18688
26510
2310
67848
67849
2314
59662
18706
35109
76070
10538
141610
10539
100653
18735
67893
10556
18750
2372
2387
2388
2390
2391
2392
51544
2394
2395
43366
59750
18792
18793
10606
10607
26999
51580
27008
27011
2440
2441
2453
10648
2461
2462
2463
2464
10661
10662
10669
10671
2482
10680
2491
2493
10690
10692
10695
10696
2505
10697
10698
18892
18897
10707
2517
51670
10713
10722
18915
18916
51684
10726
2535
2536
1411561
10727
10729
10730
84457
10739
27125
10742
35321
35322
2555
141823
35341
10767
10768
10774
10775
68122
27163
18973
18976
18977
18992
18997
18999
10814
2628
2629
2630
10822
2632
10823
10825
19020
2638
2639
51792
2641
2643
51799
10859
10860
592496
10866
2683
10875
27260
10881
27267
2692
2694
92808
92820
101015
2712
2713
2714
60060
2717
2719
60072
10921
10922
60073
19131
35516
2749
19138
19143
19144
19149
2230991
19152
2769
2770
19153
19159
2778
19163
35549
76512
10978
10981
10985
10990
19187
19189
51965
43774
43775
76546
76547
27396
109319
19208
19210
1190668
11025
2838
2839
19222
27428
19239
133931
11064
11065
11066
11067
2876
2877
11068
2880
19265
2882
2885
35654
2887
2888
11084
11085
11086
2896
19292
11107
11108
27493
11110
19302
19303
35689
2922
35690
2926
11135
19328
2954
2955
11148
11149
2958
11150
11152
11154
2963
11155
1305494
11159
2969
11163
11164
11165
2975
2977
2983
27563
11181
19384
35769
27584
11207
43975
3019
232396
11213
3026
3033
3034
3035
3036
3037
35806
3051
3052
19439
27631
27632
3061
3063
19453
19455
44038
11275
3084
3085
11278
3087
3088
11281
3092
3093
35862
3094
3096
11288
93210
134178
19492
166951
60458
52267
1223726
44079
19505
11315
3124
3125
11317
3127
3128
3129
3130
3131
11318
19511
3134
3136
3141
3149
3150
3151
3152
19534
19536
3155
3156
19540
27726
11355
11356
11357
19549
19550
27740
11367
27755
1363054
27763
27764
44151
19578
3196
3197
3198
11389
11390
3201
27772
11398
3208
52374
3223
85142
3229
76961
3234
27811
85171
52404
3265
3266
3267
52419
3270
3272
44233
68812
44240
93396
11477
11478
36055
3291
36059
3293
11486
11492
11493
60650
27888
3315
3317
11510
11511
11512
11514
52474
52475
77075
77081
60700
3359
3360
3361
3362
60705
93491
3380
27966
3391
3392
77133
3416
3417
3418
27993
27995
36190
11616
93538
77158
28010
11627
36218
52602
19838
19839
3460
3461
11662
19866
3489
3490
3491
52646
52647
11701
11703
150972
19901
11716
11717
11718
52697
3547
93663
60898
60899
77287
19957
19958
11769
69122
28164
11782
126471
11784
77330
11794
101908
60949
60950
77335
77337
11803
19996
11805
20005
20006
77353
2174509
3635
3636
36422
11850
11855
3664
11856
11857
11859
20047
11863
11864
20056
11866
11867
20070
11885
52851
20089
11901
3711
3712
3713
11903
44691
20124
44714
20141
3776
20162
3783
3785
536271
3796
3798
3799
3800
3801
20186
11998
20190
61153
36592
20212
3829
12021
20215
44792
36602
28410
20220
28412
52995
12041
118545
53010
69395
12052
44831
12073
12074
12077
20275
20276
3894
3895
3896
3900
12094
3905
3910
3911
77638
20300
20301
20309
3926
3930
12122
12132
12133
69483
12139
12147
12150
61303
3967
3968
1118081
53122
3977
20362
3981
3982
3999
4000
4001
4003
4004
20391
12206
12207
12217
4027
4029
36801
4038
36819
12248
28633
69597
28641
4068
12260
4070
12261
4073
4078
4090
4091
4093
69637
12296
20491
53261
4110
4111
20495
4113
12309
20501
20508
53283
4135
102441
4138
4139
4160
12355
4165
28743
77896
4169
28744
28745
4173
4174
4175
28768
4201
28778
69740
86128
77940
12407
20623
118937
4251
4252
12446
28847
28848
37041
4273
37045
4301
4302
4303
78029
1372369
12515
12516
12519
28906
53492
12538
4347
4355
12547
28933
53515
20751
20753
20759
20761
20766
20767
86310
4391
45378
102723
20810
4429
4430
4431
20814
20818
37203
4443
29021
12640
12645
45415
1216876
12656
586101
4483
37252
1110405
4491
4492
4494
53647
4496
12688
70035
225692
4512
4513
4514
4515
20899
4517
29091
4520
4521
20904
119232
86468
61904
4566
12763
20959
4581
4587
4589
4602
53755
4604
45566
12799
20999
53768
61962
12812
12831
61983
12833
21027
12836
21029
21030
4654
21041
12850
21043
12852
21045
62001
62010
21063
4687
4688
4689
4690
4691
62036
70233
21089
12898
70243
12899
12900
62050
70254
21104
62066
4724
1340020
4726
4729
12928
12929
12930
12931
21124
21132
21134
4756
4757
12949
12950
4764
4765
4766
53916
53918
53924
12967
94889
4778
53930
21163
21165
12974
4783
4784
4785
4786
4787
12975
12977
12978
12982
29369
29370
4800
4808
4810
21197
21200
144081
4818
13010
13021
13022
13023
21216
13026
21245
21246
54014
29446
21259
1331981
29459
4885
4890
1807132
21277
21278
21282
21290
21315
4935
4937
4938
4939
4941
4958
4959
4960
21343
4966
21353
4970
4971
29545
21366
21368
21369
4987
37759
78729
21385
5004
5010
21399
21403
70556
21411
21412
5047
5048
5049
5050
13240
13242
37821
13243
5064
87003
512991
21474
54246
21479
119783
13294
13295
13296
13299
13312
13314
5129
13326
21519
29710
5139
5140
5141
13333
21523
87066
5149
37917
70696
13352
5168
37936
13363
13364
5176
21561
37946
21563
87118
62547
62561
29802
37995
29803
70767
21624
21625
5247
5248
5250
5251
13445
13446
38025
54422
5274
136347
13472
5281
13473
13474
5292
5293
54447
1422517
54453
27106
1610940
5309
5313
70851
70852
38085
21702
5320
13524
13525
87255
21721
5342
5344
5346
21731
963818
13548
13549
13550
95476
13565
13567
95488
13577
13578
38160
5401
5414
21798
30003
46393
21817
21818
13633
13637
13640
38225
46423
13656
21848
5469
5470
5471
5472
71010
54633
54649
5503
30083
95624
71070
13726
5538
30123
112052
54708
5563
5576
5577
5578
30155
5587
5588
5590
5605
5606
30181
5616
54782
38405
46597
54789
54800
13848
5657
5658
54812
1373737
13869
22063
5694
5698
54865
5723
5724
5725
5726
5727
13918
5729
13919
13920
13922
22108
22109
22122
13936
30320
22131
22132
22133
22137
1046143
87707
30364
38559
38560
13991
13992
13997
38581
38582
5823
5826
5829
22226
22227
30430
95975
63208
14060
14061
1021684
145151
38670
14101
30485
14104
30488
71450
5916
55086
5953
5960
22383
55152
6008
79741
63358
71555
120724
30613
55194
14253
6065
112561
6067
22461
22462
14277
6104
6105
6106
55265
55266
55267
55270
14312
47080
14324
14326
1669125
14343
14344
6159
6161
6162
55314
6164
6167
6168
38951
71727
6193
6194
6195
6197
6198
6199
6200
88124
6213
14405
14406
14407
14408
14409
14416
6238
112742
39015
55422
14463
14464
14469
6280
6283
22675
1423519
14500
14528
47296
63681
39112
39113
39117
14541
6352
6355
39126
6368
71913
932076
6383
6384
6396
14592
6407
6408
80137
6416
129317
1186087
47404
14639
6449
6450
6451
31028
31029
6461
6462
6465
6473
6474
55636
6486
55643
72028
31070
47456
563559
14698
14699
14700
14701
14702
14721
14723
14730
14732
6542
6553
47513
72095
80290
31140
6573
6574
6575
6576
6577
6587
6588
31164
178622
6593
31171
6598
55755
6613
6614
14812
80365
80366
47615
6657
6677
88599
6681
6684
6692
14884
14886
47654
39464
14888
6714
6719
6721
6726
6730
6736
6751
14965
14974
39554
47757
6804
55958
1219226
47774
47775
15009
6832
15028
6837
6844
6856
15048
6860
6861
6862
6863
1538780
6885
6886
154341
39658
31468
80625
15091
6905
15100
6913
6914
15110
15111
47879
6929
6930
31512
6937
6941
15135
6944
6949
6952
31532
15152
23346
6968
56128
228173
39762
23378
56152
7004
56159
80742
7026
88947
7036
15234
1325961
48012
7056
15250
7071
31649
7077
15277
7090
15286
162747
15309
7124
15319
7132
7137
31717
15336
7164
7166
7167
7171
56323
7180
1186840
15385
211993
39977
7210
15416
15424
7241
7242
40009
23626
23629
23630
23631
7248
15440
15441
130129
302165
80987
154716
23646
15455
80994
572541
23678
23679
81024
7301
7302
7303
7304
15498
15500
23709
7331
7333
15533
56513
97480
7370
130253
23764
15576
81125
7399
40168
7400
7427
7430
7431
113927
40202
7447
7450
56614
15655
15659
7470
7471
7486
7487
7489
556356
23880
7497
23881
7499
23882
7502
7505
40275
40276
64856
7517
7520
114019
56675
392547
23915
933238
15735
15739
23931
64908
15758
15761
7570
23958
23959
56734
15788
15789
56752
7621
40393
56778
32203
32205
7632
7633
40403
15827
15831
15832
7643
81373
32225
64998
64999
65002
15851
15852
15853
15854
7663
7664
24045
24047
24048
7668
15860
7672
7673
15864
7675
7676
65019
65020
171522
7685
15886
15887
56853
56857
15899
15900
40477
40481
32290
56867
56881
56890
56895
56896
56897
466505
32357
15983
7796
32394
24203
32396
56978
32428
7853
7863
7866
7868
40644
73421
89808
32479
7904
16096
7906
7907
7908
1212139
57082
24318
65284
24342
24343
57119
16165
114470
16171
16181
98102
57147
81726
65344
57166
57171
32597
16214
16217
49002
65409
16269
237455
16293
16307
40900
16327
90060
57298
16358
8170
32747
98285
57329
114674
8183
8184
65529
8186
49148
